 30 11
 3 3 3 3 3 3 3 3 3 3 3 
73 53 45 96 72 56 23 62 50 42 10 86 79 69 3 45 38 40 11 86 36 79 13 7 44 77 12 33 82 12 
49 78 76 69 34 50 34 65 48 63 44 63 8 74 30 79 38 3 45 8 51 89 71 13 35 75 73 93 67 44 
58 85 11 92 89 21 72 76 28 81 43 88 86 65 54 11 99 62 41 98 16 33 9 3 89 64 40 87 38 16 
61 40 69 1 65 91 71 42 36 28 39 10 15 5 9 61 28 59 22 49 38 25 90 24 90 24 89 32 27 65 
72 49 67 20 11 16 36 43 95 64 54 64 13 44 78 55 35 7 61 67 78 18 25 34 51 62 43 77 71 8 
46 84 45 30 38 91 77 10 2 42 44 14 18 82 12 14 9 25 73 59 14 62 24 5 24 56 40 29 9 20 
71 20 62 59 25 26 44 63 50 2 80 71 5 14 18 58 71 97 76 61 77 74 24 92 82 90 56 57 46 32 
79 79 79 61 98 99 71 98 6 49 38 85 96 34 19 65 82 98 52 17 34 27 27 46 79 13 36 64 7 81 
65 53 65 87 24 92 41 69 98 96 26 29 27 48 11 34 66 13 50 37 75 11 94 15 45 62 77 15 76 83 
14 55 33 50 43 49 36 95 55 99 48 51 95 14 90 39 54 40 86 15 70 64 84 25 58 41 44 95 90 92 
95 55 95 95 48 25 58 86 39 33 99 43 14 50 14 90 54 90 40 51 84 55 70 44 41 49 64 92 15 36 
