 20 11
 3 2 2 3 2 3 2 1 2 3 3 
63 22 40 62 102 117 89 96 114 111 5 116 43 95 21 46 103 33 62 34 
3 52 24 62 58 46 17 55 36 5 28 8 27 1 33 72 12 1 23 29 
48 15 51 51 57 4 8 55 47 48 42 52 18 53 19 54 59 79 58 24 
35 19 83 23 70 113 104 117 91 74 91 23 95 2 13 114 21 98 83 28 
5 20 35 52 56 74 45 27 54 77 72 43 80 3 20 44 3 68 40 62 
82 117 35 5 62 53 80 110 11 43 82 93 108 16 44 15 110 54 8 59 
76 77 77 13 72 4 54 13 55 3 37 76 17 45 9 41 2 29 61 78 
3 10 8 32 33 17 10 1 12 23 35 37 36 12 19 38 12 2 6 21 
1 20 21 60 75 76 57 53 62 13 46 64 67 65 78 4 5 18 15 5 
98 103 90 97 111 117 108 42 86 109 11 91 105 70 13 14 114 118 45 30 
109 30 13 86 90 117 111 98 114 97 108 42 118 91 103 14 105 70 45 11 
