40 11
3 3 3 3 3 3 3 2 3 3 3 
10 107 112 41 24 109 16 36 16 67 58 10 120 66 1 118 19 118 10 92 75 41 10 67 1 10 4 16 112 51 67 22 10 44 10 115 67 19 58 10 
55 80 11 97 97 117 93 46 46 63 76 84 84 63 93 40 100 75 93 117 8 60 40 75 75 80 9 85 9 63 8 84 11 14 14 40 14 14 96 3 
60 56 58 100 52 103 66 56 65 104 44 1 5 5 65 13 29 71 66 38 65 98 60 100 66 56 29 60 89 33 5 28 68 89 103 60 5 57 28 77 
2 111 23 97 60 78 34 103 2 111 26 97 18 16 116 103 36 81 106 103 16 25 26 55 55 71 38 92 116 26 71 38 62 79 97 103 71 60 71 26 
70 61 74 101 75 94 29 78 89 17 76 61 51 26 119 101 76 74 55 83 101 65 55 74 55 70 92 32 43 82 51 70 115 77 101 70 94 74 70 100 
5 2 95 117 118 95 52 38 29 38 38 104 83 118 119 42 117 83 55 78 118 50 6 117 93 49 83 105 83 38 50 115 49 119 65 45 35 42 5 95 
39 25 27 86 71 26 70 77 25 26 10 70 60 100 27 77 51 78 45 60 15 15 25 4 118 10 60 109 4 99 77 30 14 59 77 74 51 10 15 109 
39 1 45 51 73 69 65 49 17 45 1 33 24 39 39 32 36 51 49 65 60 57 13 27 18 13 69 53 24 9 51 59 66 53 60 65 60 57 45 51 
45 45 20 73 92 45 83 92 112 63 92 25 51 63 27 46 80 32 15 25 50 73 112 45 80 112 95 64 60 26 13 46 95 63 26 45 63 60 92 92 
120 71 69 120 120 74 97 105 97 1 1 120 13 1 90 115 67 61 90 60 21 1 78 61 56 60 100 60 74 95 90 6 120 34 60 1 21 60 34 115 
33 1 21 34 60 15 13 66 66 115 56 52 110 115 69 105 33 33 23 95 33 74 52 78 113 23 67 23 33 22 22 6 90 60 97 23 120 15 71 66 
